23.17852783203125
4.0609588623046875
24.061538696289062
24.673629760742188
21.338790893554688
16.053421020507812
8.730247497558594
3.91748046875
25.795814514160156
27.777969360351562
22.06908416748047
9.716468811035156
4.2633819580078125
23.1275634765625
23.327682495117188
44.57139587402344
5.476387023925781
18.78655242919922
17.488494873046875
22.010086059570312
22.070083618164062
21.080604553222656
21.10546875
5.0386962890625
25.4560546875
22.035972595214844
25.91241455078125
23.673553466796875
26.526565551757812
5.7990875244140625
21.163902282714844
22.122146606445312
22.117965698242188
21.52734375
22.187881469726562
23.566879272460938
22.025390625
23.568984985351562
5.9387664794921875
24.431427001953125
22.53211212158203
18.851577758789062
18.17938232421875
17.706993103027344
20.12109375
20.45061492919922
23.7275390625
16.38555145263672
20.963539123535156
19.69322967529297
23.402862548828125
12.781883239746094
25.99982452392578
24.119598388671875
24.087020874023438
20.443496704101562
24.688461303710938
21.884811401367188
22.358238220214844
21.839385986328125
22.71728515625
22.803977966308594
9.963905334472656
32.70152282714844
26.676124572753906
19.865402221679688
23.07134246826172
22.335418701171875
21.882339477539062
7.990913391113281
21.75634765625
11.4739990234375
9.285354614257812
11.026763916015625
10.181121826171875
6.104408264160156
20.944252014160156
22.7625732421875
25.00537109375
25.07769775390625
21.37158966064453
22.934898376464844
24.065040588378906
24.881423950195312
27.163864135742188
27.225051879882812
25.572708129882812
25.897567749023438
25.11572265625
23.799720764160156
25.157386779785156
23.743736267089844
22.416358947753906
21.558120727539062
23.792800903320312
21.848464965820312
23.10693359375
23.876953125
24.689674377441406
22.387557983398438
14.6490478515625
22.33116912841797
22.052574157714844
20.030380249023438
27.174880981445312
22.00568389892578
17.487144470214844
9.159225463867188
24.84789276123047
17.401260375976562
22.606475830078125
22.92724609375
21.06061553955078
13.839546203613281
28.87389373779297
25.458831787109375
23.978240966796875
26.74658203125
27.278976440429688
24.028915405273438
26.725738525390625
24.48101806640625
10.6015625
5.9062652587890625
26.058692932128906
6.2462158203125
7.405052185058594
31.698165893554688
25.38585662841797
24.20947265625
21.599136352539062
22.04052734375
22.59881591796875
22.364578247070312
30.824935913085938
21.972213745117188
22.002853393554688
15.976097106933594
21.93811798095703
23.0556640625
19.16767120361328
23.089370727539062
22.637542724609375
22.034347534179688
24.688522338867188
19.61505126953125
10.39306640625
23.58727264404297
8.821281433105469
21.641082763671875
24.37230682373047
21.241134643554688
24.207901000976562
24.616470336914062
23.727981567382812
23.26811981201172
23.359207153320312
23.44878387451172
21.974891662597656
23.25482177734375
22.60559844970703
24.227020263671875
23.65869140625
11.42303466796875
23.17035675048828
24.239303588867188
22.08740234375
22.09381866455078
20.974227905273438
24.225112915039062
21.537109375
24.603294372558594
25.078651428222656
23.048233032226562
23.60791015625
21.9716796875
21.855133056640625
22.182350158691406
7.012542724609375
30.375839233398438
25.314109802246094
25.196372985839844
24.66413116455078
22.47423553466797
22.697242736816406
22.585655212402344
24.667343139648438
24.15544891357422
24.286659240722656
24.18511962890625
24.690353393554688
24.32707977294922
19.654006958007812
12.841278076171875
5.7779693603515625
27.322975158691406
25.25775909423828
9.049636840820312
12.835243225097656
8.335121154785156
8.395217895507812
4.505241394042969
8.388168334960938
4.5543060302734375
12.893653869628906
22.369598388671875
6.472251892089844
4.52471923828125
6.361183166503906
6.407341003417969
